0.638
0.638
0.638
0.638
0.638
0.638
0.638
0.638
0.638
0.638
0.638
0.638
0.638
0.638
0.638
0.638
0.638
0.638
0.638
0.769
0.769
0.769
0.759
0.769
0.769
0.759
0.759
0.769
0.769
0.769
0.779
0.779
0.779
0.779
0.779
0.779
0.769
0.769
0.769
0.769
0.769
0.759
0.759
0.750
0.667
0.659
0.652
0.659
0.659
0.659
0.659
0.667
0.667
0.667
0.667
0.674
0.667
0.667
0.667
0.667
0.667
0.667
0.667
0.674
0.674
0.674
0.682
0.682
0.682
0.682
0.652
0.659
0.659
0.674
0.800
0.811
0.822
0.811
0.811
0.811
0.800
0.800
0.811
0.811
0.800
0.800
0.800
0.800
0.800
0.789
0.789
0.769
0.769
0.769
0.769
0.759
0.759
0.750
0.750
0.750
0.741
0.741
0.741
0.732
0.732
0.723
0.652
0.652
0.667
0.682
0.652
0.714
0.723
0.723
0.659
0.659
0.659
0.659
0.659
0.659
0.659
0.659
0.659
0.659
0.667
0.674
0.682
0.690
0.690
0.698
0.750
0.750
