0.896
0.896
0.896
0.896
0.896
0.896
0.896
0.896
0.870
0.882
0.923
0.923
0.938
0.938
0.968
0.984
0.984
0.984
0.984
1.000
0.984
0.984
1.000
0.968
0.984
0.968
0.968
0.968
0.968
0.968
0.968
0.968
0.968
0.984
0.984
1.000
1.000
1.000
0.984
0.984
0.968
0.952
0.952
0.952
0.952
0.952
0.952
0.968
0.952
0.952
0.968
0.968
0.984
1.000
1.000
1.000
1.017
1.034
1.034
1.034
1.017
1.034
1.034
1.034
1.034
1.017
1.034
1.034
1.034
1.034
1.017
1.017
1.017
1.017
1.017
1.000
1.000
1.000
0.984
1.000
0.984
0.984
0.968
0.938
0.938
0.952
0.952
0.968
0.968
0.968
0.896
0.882
0.882
0.870
0.769
0.769
0.779
0.789
0.800
0.800
0.750
0.759
0.759
0.789
0.789
0.789
0.800
0.800
0.870
0.870
0.870
0.822
0.769
0.769
0.769
0.800
0.800
0.811
0.811
0.822
0.833
0.896
0.909
0.909
0.984
0.952
0.968
0.952
0.984
0.984
0.984
0.984
