0.909
0.909
0.909
0.909
0.909
0.909
0.909
0.909
0.909
0.909
0.909
0.909
0.909
0.909
0.909
0.909
0.909
0.909
0.909
0.909
0.909
0.909
0.909
0.909
0.909
0.909
0.909
0.909
0.909
0.909
0.909
0.870
0.870
0.882
0.882
0.896
0.896
0.896
0.896
0.909
0.923
0.909
0.909
0.909
0.923
0.833
0.845
0.845
0.845
0.833
0.833
0.833
0.833
0.833
0.833
0.845
0.857
0.857
0.857
0.857
0.857
0.857
0.870
0.882
0.882
0.896
0.896
0.896
0.896
0.896
0.882
0.870
0.870
0.857
0.845
0.845
0.822
0.833
0.833
0.833
0.833
0.833
0.833
0.833
0.845
0.845
0.845
0.845
0.857
0.857
0.845
0.833
0.833
0.833
0.833
0.857
0.845
0.833
0.833
0.833
0.833
0.833
0.833
0.833
0.845
0.857
0.857
0.857
0.857
0.845
0.845
0.857
0.857
0.870
0.870
0.882
0.882
0.882
0.882
0.882
0.882
0.896
0.909
0.909
0.909
0.909
0.870
0.882
0.896
0.896
0.896
0.857
