0.723
0.723
0.723
0.723
0.723
0.723
0.723
0.723
0.723
0.723
0.723
0.723
0.723
0.723
0.723
0.723
0.723
0.822
0.833
0.822
0.822
0.822
0.811
0.723
0.714
0.706
0.714
0.714
0.732
0.732
0.741
0.750
0.750
0.741
0.741
0.750
0.750
0.750
0.750
0.741
0.706
0.723
0.723
0.723
0.714
0.723
0.723
0.706
0.723
0.723
0.723
0.723
0.714
0.714
0.714
0.706
0.698
0.698
0.698
0.698
0.690
0.682
0.682
0.674
0.667
0.667
0.667
0.667
0.667
0.698
0.698
0.698
0.698
0.698
0.698
0.698
0.698
0.698
0.698
0.698
0.690
0.682
0.690
0.682
0.682
0.674
0.674
0.674
0.674
0.674
0.659
0.659
0.645
0.645
0.638
0.645
0.645
0.645
0.652
0.645
0.667
0.682
0.690
0.652
0.659
0.659
0.659
0.667
0.750
0.750
0.750
0.741
0.750
0.750
0.759
0.759
0.769
0.769
0.769
0.769
0.759
0.769
0.759
0.759
0.750
0.750
0.750
0.779
0.769
0.759
0.759
0.769
