0.833
0.833
0.833
0.833
0.833
0.833
0.833
0.833
0.833
0.833
0.833
0.833
0.833
0.833
0.833
0.833
0.833
0.833
0.833
0.833
0.833
0.833
0.833
0.833
0.833
0.833
0.833
0.833
0.833
0.833
0.833
0.896
0.952
0.938
0.938
0.938
0.938
0.923
0.896
0.896
0.909
0.909
0.909
0.923
0.923
0.923
0.923
0.923
0.938
0.923
0.923
0.923
0.923
0.938
0.923
0.800
0.811
0.811
0.822
0.833
0.822
0.822
0.833
0.833
0.833
0.845
0.845
0.845
0.845
0.833
0.845
0.845
0.857
0.845
0.857
0.857
0.870
0.870
0.870
0.870
0.870
0.870
0.882
0.882
0.882
0.882
0.882
0.882
0.870
0.870
0.857
0.870
0.870
0.870
0.882
0.882
0.882
0.882
0.882
0.882
0.833
0.833
0.833
0.833
0.845
0.845
0.833
0.845
0.845
0.845
0.845
0.845
0.845
0.845
0.857
0.845
0.857
0.857
0.857
0.857
0.857
0.857
0.870
0.870
0.882
0.870
0.870
0.857
0.870
0.845
0.845
0.822
0.822
