0.652
0.652
0.652
0.652
0.652
0.652
0.652
0.652
0.652
0.652
0.652
0.652
0.652
0.652
0.652
0.652
0.652
0.652
0.652
0.652
0.652
0.652
0.652
0.652
0.652
0.652
0.652
0.652
0.652
0.652
0.652
0.667
0.674
0.674
0.674
0.674
0.674
0.674
0.667
0.667
0.674
0.682
0.674
0.674
0.667
0.667
0.659
0.659
0.652
0.652
0.652
0.645
0.645
0.645
0.645
0.645
0.645
0.645
0.638
0.638
0.638
0.638
0.625
0.632
0.632
0.625
0.625
0.632
0.632
0.632
0.632
0.632
0.638
0.638
0.638
0.638
0.645
0.645
0.645
0.645
0.645
0.645
0.645
0.638
0.638
0.645
0.638
0.638
0.645
0.652
0.645
0.645
0.645
0.645
0.645
0.645
0.652
0.652
0.652
0.652
0.645
0.652
0.645
0.652
0.645
0.652
0.652
0.652
0.652
0.652
0.652
0.652
0.652
0.652
0.652
0.652
0.652
0.652
0.659
0.659
