0.882
0.882
0.882
0.882
0.882
0.882
0.882
0.882
0.882
0.882
0.882
0.882
0.882
0.619
0.606
0.606
0.588
0.588
0.588
0.619
0.619
0.619
0.619
0.571
0.619
0.571
0.571
0.571
0.583
0.571
0.588
0.606
0.619
0.619
0.571
0.571
0.583
0.583
0.583
0.583
0.588
0.594
0.594
0.600
0.600
0.600
0.600
0.600
0.600
0.600
0.606
0.600
0.600
0.600
0.594
0.588
0.588
0.583
0.583
0.583
0.583
0.577
0.577
0.577
0.583
0.588
0.588
0.583
0.588
0.588
0.588
0.594
0.594
0.594
0.594
0.594
0.588
0.583
0.583
0.571
0.571
0.566
0.566
0.566
0.561
0.561
0.566
0.561
0.561
0.577
0.571
0.566
0.571
0.571
0.571
0.571
0.583
0.583
0.583
0.583
0.588
0.583
0.588
0.594
0.594
0.600
0.600
0.600
0.594
0.619
0.619
0.625
0.571
0.577
0.583
0.588
0.588
0.588
0.594
0.594
0.594
0.600
0.612
0.612
0.612
0.612
0.606
0.619
0.612
0.606
0.612
0.606
