0.870
0.870
0.870
0.870
0.870
0.870
0.870
0.870
0.870
0.870
0.870
0.870
0.870
0.870
0.870
0.870
0.870
0.870
0.870
0.870
0.870
0.870
0.870
0.870
0.870
0.870
0.870
0.870
0.870
0.870
0.870
0.870
0.870
0.870
0.870
0.870
0.870
0.870
0.870
0.870
0.870
0.870
0.870
0.811
0.759
0.723
0.723
0.714
0.714
0.706
0.706
0.698
0.698
0.698
0.723
0.723
0.723
0.723
0.723
0.723
0.723
0.723
0.723
0.723
0.723
0.714
0.723
0.732
0.732
0.732
0.732
0.750
0.741
0.750
0.741
0.741
0.741
0.741
0.741
0.741
0.732
0.732
0.723
0.723
0.723
0.723
0.769
0.800
0.800
0.800
0.811
0.811
0.811
0.811
0.811
0.800
0.811
0.811
0.822
0.822
0.833
0.833
0.833
0.845
0.845
0.845
0.845
0.833
0.833
0.833
0.822
0.822
0.822
0.822
0.811
0.811
0.811
0.822
0.822
0.811
0.811
0.822
0.822
0.833
0.822
0.833
0.833
0.833
0.833
0.833
0.833
0.822
