0.632
0.632
0.632
0.632
0.632
0.632
0.632
0.632
0.632
0.632
0.857
0.857
0.845
0.845
0.845
0.845
0.845
0.857
0.845
0.833
0.833
0.833
0.833
0.845
0.845
0.822
0.822
0.822
0.833
0.833
0.833
0.833
0.833
0.833
0.845
0.833
0.833
0.822
0.822
0.822
0.822
0.822
0.822
0.811
0.800
0.800
0.789
0.789
0.789
0.779
0.779
0.779
0.779
0.779
0.659
0.659
0.645
0.652
0.652
0.652
0.645
0.652
0.659
0.667
0.779
0.769
0.779
0.779
0.779
0.769
0.779
0.779
0.769
0.769
0.769
0.779
0.779
0.779
0.769
0.769
0.769
0.769
0.769
0.759
0.759
0.652
0.659
0.659
0.667
0.667
0.667
0.667
0.667
0.674
0.674
0.682
0.682
0.682
0.682
0.674
0.674
0.682
0.682
0.750
0.759
0.759
0.779
0.779
0.769
0.800
0.811
0.811
0.811
0.811
0.800
0.800
0.811
0.811
0.800
0.800
0.800
0.645
0.619
0.632
0.638
0.659
0.652
0.659
0.667
0.667
0.674
