0.652
0.652
0.652
0.652
0.652
0.652
0.652
0.612
0.612
0.612
0.600
0.619
0.606
0.600
0.606
0.612
0.612
0.619
0.612
0.612
0.612
0.619
0.619
0.632
0.638
0.638
0.645
0.645
0.645
0.588
0.588
0.588
0.588
0.588
0.600
0.612
0.619
0.619
0.619
0.619
0.625
0.625
0.638
0.652
0.667
0.690
0.690
0.667
0.638
0.625
0.619
0.588
0.594
0.594
0.594
0.588
0.594
0.594
0.588
0.594
0.600
0.588
0.606
0.600
0.594
0.619
0.619
0.606
0.619
0.632
0.638
0.625
0.600
0.606
0.600
0.594
0.594
0.594
0.600
0.588
0.600
0.600
0.606
0.600
0.600
0.588
0.600
0.606
0.612
0.632
0.619
0.625
0.612
0.588
0.600
0.612
0.612
0.619
0.619
0.612
0.612
0.612
0.612
0.606
0.600
0.619
0.619
0.600
0.612
0.619
0.625
0.625
0.625
0.619
0.619
0.612
0.612
0.571
0.588
0.619
0.619
0.619
0.571
0.588
0.594
0.594
0.588
0.619
0.619
0.612
0.619
0.619
