1.000
1.000
1.000
1.000
1.000
1.000
1.000
1.034
1.034
1.053
1.053
1.053
1.053
1.017
1.017
1.017
1.017
1.017
1.017
0.984
1.034
1.053
1.034
0.952
0.968
0.968
0.968
0.984
1.034
1.071
1.071
1.071
1.071
1.071
1.053
1.053
1.053
1.053
1.053
0.952
0.968
0.952
0.968
0.968
0.968
0.984
1.000
1.000
1.017
0.952
1.017
0.952
1.017
0.952
0.952
0.952
0.968
0.968
0.984
1.000
0.952
0.968
0.952
0.952
0.968
0.952
0.952
0.952
0.952
0.968
0.968
0.984
0.984
0.968
0.952
0.952
0.952
0.952
0.952
0.968
0.968
1.000
1.017
1.017
1.034
1.034
1.017
1.017
1.017
1.017
1.017
1.017
1.017
1.017
0.984
0.984
0.984
0.984
0.984
0.984
1.000
1.000
1.000
1.017
1.034
1.034
1.053
1.034
1.034
1.053
1.034
0.952
0.968
0.952
0.968
0.968
0.984
1.053
1.053
1.053
1.053
1.053
1.034
1.053
1.053
1.053
1.053
1.034
1.034
1.053
1.053
1.053
