1.034
1.034
1.034
1.034
1.034
1.034
1.034
1.034
1.034
1.034
1.034
1.034
0.923
0.923
0.923
0.909
0.822
0.833
0.833
0.833
0.822
0.822
0.822
0.833
0.833
0.833
0.833
0.833
0.845
0.845
0.833
0.833
0.833
0.800
0.800
0.800
0.800
0.800
0.800
0.811
0.811
0.811
0.811
0.800
0.800
0.800
0.800
0.800
0.800
0.800
0.800
0.800
0.811
0.800
0.800
0.800
0.800
0.811
0.811
0.811
0.811
0.800
0.800
0.800
0.811
0.811
0.811
0.822
0.822
0.833
0.833
0.833
0.833
0.822
0.833
0.845
0.845
0.857
0.896
0.909
0.909
0.923
0.909
0.909
0.909
0.909
0.909
0.909
0.909
0.909
0.909
0.923
0.909
0.896
0.896
0.896
0.909
0.896
0.909
0.909
0.896
0.896
0.896
0.909
0.896
0.896
0.896
0.870
0.857
0.857
0.845
0.845
0.845
0.845
0.833
0.800
0.811
0.800
0.800
0.800
0.789
0.789
0.800
0.800
0.800
0.833
0.845
0.845
0.845
0.845
0.857
0.857
