0.652
0.652
0.652
0.652
0.652
0.652
0.652
0.652
0.652
0.652
0.652
0.652
0.652
0.652
0.800
0.800
0.800
0.723
0.706
0.698
0.714
0.723
0.714
0.723
0.723
0.723
0.723
0.714
0.714
0.723
0.714
0.714
0.714
0.714
0.706
0.706
0.706
0.723
0.723
0.698
0.698
0.714
0.706
0.690
0.706
0.706
0.714
0.723
0.741
0.741
0.759
0.759
0.750
0.732
0.723
0.714
0.714
0.723
0.741
0.750
0.759
0.759
0.741
0.741
0.723
0.723
0.723
0.723
0.732
0.732
0.723
0.732
0.706
0.706
0.706
0.698
0.698
0.706
0.706
0.706
0.706
0.690
0.698
0.690
0.690
0.690
0.690
0.690
0.690
0.682
0.682
0.674
0.674
0.667
0.667
0.667
0.659
0.659
0.659
0.659
0.667
0.667
0.659
0.667
0.667
0.667
0.667
0.674
0.682
0.690
0.690
0.690
0.690
0.690
0.682
0.690
0.690
0.698
0.706
0.706
0.706
0.706
0.706
0.706
0.698
0.706
0.706
0.706
0.706
0.706
0.698
0.698
