0.769
0.769
0.769
0.769
0.769
0.769
0.769
0.769
0.769
0.769
0.769
0.769
0.769
0.769
0.769
0.769
0.769
0.769
0.769
0.750
0.750
0.750
0.741
0.741
0.741
0.732
0.732
0.723
0.723
0.723
0.714
0.706
0.706
0.706
0.698
0.698
0.698
0.698
0.652
0.652
0.723
0.723
0.723
0.723
0.723
0.723
0.723
0.714
0.714
0.723
0.723
0.698
0.706
0.698
0.698
0.698
0.698
0.698
0.698
0.698
0.723
0.732
0.723
0.732
0.652
0.652
0.659
0.652
0.659
0.723
0.723
0.732
0.732
0.750
0.750
0.750
0.750
0.750
0.741
0.741
0.732
0.732
0.723
0.723
0.714
0.706
0.698
0.698
0.690
0.690
0.682
0.625
0.619
0.625
0.625
0.632
0.638
0.638
0.638
0.638
0.632
0.632
0.632
0.638
0.645
0.723
0.723
0.741
0.769
0.750
0.750
0.750
0.750
0.759
0.759
0.759
0.750
0.750
0.750
0.750
0.741
0.741
0.741
0.732
0.723
0.619
0.652
0.667
0.652
0.645
0.645
0.652
