0.652
0.652
0.652
0.652
0.652
0.652
0.652
0.652
0.652
0.652
0.909
0.909
0.923
0.923
0.923
0.909
0.909
0.909
0.857
0.870
0.870
0.870
0.882
0.833
0.833
0.845
0.845
0.833
0.833
0.833
0.833
0.822
0.822
0.822
0.822
0.800
0.811
0.800
0.789
0.789
0.800
0.789
0.769
0.769
0.769
0.769
0.769
0.769
0.759
0.769
0.769
0.769
0.769
0.769
0.833
0.833
0.833
0.833
0.833
0.833
0.833
0.833
0.845
0.833
0.833
0.833
0.833
0.833
0.833
0.822
0.833
0.833
0.833
0.833
0.833
0.833
0.845
0.845
0.845
0.833
0.833
0.619
0.632
0.632
0.638
0.638
0.652
0.659
0.674
0.674
0.674
0.667
0.674
0.682
0.698
0.698
0.698
0.698
0.698
0.690
0.690
0.690
0.690
0.706
0.706
0.714
0.714
0.714
0.714
0.714
0.732
0.732
0.732
0.732
0.741
0.750
0.741
0.732
0.732
0.732
0.723
0.732
0.732
0.732
0.732
0.741
0.741
0.741
0.732
0.741
0.723
0.723
