0.882
0.882
0.882
0.882
0.882
0.882
0.882
0.882
0.882
0.882
0.882
0.882
0.882
0.882
0.882
0.882
0.882
0.882
0.882
0.882
0.882
0.882
0.882
0.882
0.882
0.882
0.882
0.882
0.882
0.882
0.882
0.882
0.882
0.882
0.882
0.882
0.882
0.882
0.882
0.882
0.882
0.882
0.882
0.882
0.882
0.882
0.882
0.882
0.882
0.882
0.882
0.882
0.882
0.882
0.882
0.882
0.882
0.882
0.882
0.882
0.882
0.882
0.769
0.682
0.645
0.645
0.645
0.652
0.652
0.652
0.652
0.652
0.652
0.645
0.645
0.652
0.652
0.652
0.652
0.652
0.652
0.652
0.652
0.652
0.659
0.659
0.652
0.652
0.652
0.652
0.652
0.652
0.652
0.779
0.779
0.779
0.779
0.779
0.779
0.779
0.779
0.779
0.779
0.779
0.779
0.779
0.779
0.779
0.779
0.779
0.779
0.779
0.779
0.779
0.779
0.779
0.779
0.779
0.779
0.779
0.779
0.779
0.779
0.779
0.779
0.779
0.779
0.779
0.779
0.779
0.779
0.779
