0.800
0.800
0.800
0.800
0.800
0.800
0.800
0.800
0.857
0.857
0.857
0.857
0.833
0.822
0.833
0.800
0.800
0.789
0.789
0.789
0.789
0.779
0.779
0.779
0.779
0.789
0.789
0.789
0.789
0.789
0.800
0.800
0.800
0.800
0.811
0.811
0.800
0.822
0.822
0.811
0.800
0.800
0.800
0.800
0.800
0.800
0.789
0.779
0.779
0.779
0.779
0.789
0.779
0.789
0.789
0.789
0.789
0.789
0.789
0.789
0.789
0.789
0.789
0.789
0.779
0.769
0.769
0.769
0.769
0.769
0.779
0.789
0.789
0.800
0.800
0.800
0.800
0.800
0.800
0.800
0.789
0.789
0.789
0.789
0.789
0.779
0.779
0.750
0.750
0.750
0.750
0.741
0.750
0.750
0.759
0.759
0.769
0.769
0.769
0.769
0.769
0.779
0.769
0.769
0.779
0.779
0.779
0.779
0.769
0.759
0.759
0.759
0.750
0.741
0.741
0.741
0.741
0.732
0.741
0.732
0.732
0.723
0.714
0.706
0.714
0.714
0.714
0.714
0.732
0.732
0.723
0.723
