0.625
0.619
0.619
0.625
0.625
0.619
0.625
0.632
0.632
0.638
0.652
0.659
0.667
0.674
0.674
0.674
0.682
0.690
0.698
0.698
0.690
0.682
0.674
0.674
0.674
0.674
0.674
0.667
0.667
0.667
0.674
0.674
0.674
0.674
0.674
0.682
0.682
0.682
0.690
0.690
0.769
0.779
0.779
0.779
0.769
0.769
0.769
0.619
0.625
0.638
0.652
0.652
0.682
0.690
0.698
0.698
0.698
0.690
0.690
0.690
0.690
0.690
0.698
0.698
0.698
0.698
0.690
0.682
0.682
0.674
0.667
0.682
0.682
0.682
0.690
0.690
0.682
0.674
0.659
0.659
0.659
0.659
0.667
0.674
0.674
0.750
0.750
0.759
0.759
0.769
0.769
0.759
0.759
0.759
0.822
0.833
0.822
0.822
0.822
0.811
0.645
0.652
0.659
0.652
0.652
0.652
0.652
0.652
0.659
0.652
0.659
0.652
0.652
0.652
0.659
0.652
0.652
0.652
0.645
0.638
0.571
0.577
0.583
0.583
0.619
0.625
0.632
0.638
0.682
0.674
0.667
0.652
