0.857
0.857
0.857
0.857
0.857
0.857
0.857
0.857
0.857
0.857
0.857
0.857
0.857
0.857
0.857
0.857
0.857
0.857
0.857
0.857
0.857
0.857
0.857
0.857
0.857
0.857
0.857
0.857
0.857
0.857
0.857
0.857
0.857
0.857
0.857
0.800
0.800
0.800
0.800
0.800
0.800
0.800
0.800
0.800
0.800
0.800
0.800
0.800
0.800
0.800
0.800
0.800
0.800
0.800
0.800
0.800
0.800
0.800
0.800
0.800
0.800
0.800
0.800
0.800
0.800
0.800
0.800
0.800
0.800
0.800
0.800
0.800
0.800
0.800
0.800
0.800
0.800
0.800
0.800
0.800
0.800
0.800
0.800
0.800
0.800
0.800
0.800
0.800
0.800
0.800
0.800
0.800
0.800
0.800
0.800
0.800
0.800
0.800
0.800
0.800
0.800
0.800
0.800
0.800
0.800
0.800
0.800
0.800
0.800
0.800
0.800
0.800
0.800
0.800
0.800
0.800
0.800
0.800
0.800
0.800
0.800
0.800
0.800
0.800
0.800
0.800
0.800
0.800
0.800
0.800
0.800
