0.811
0.800
0.800
0.800
0.800
0.800
0.800
0.800
0.800
0.800
0.800
0.800
0.800
0.800
0.800
0.800
0.800
0.800
0.800
0.800
0.800
0.750
0.750
0.750
0.741
0.741
0.741
0.741
0.741
0.732
0.732
0.741
0.750
0.759
0.759
0.759
0.759
0.759
0.759
0.759
0.759
0.759
0.759
0.759
0.759
0.759
0.759
0.759
0.759
0.759
0.759
0.759
0.759
0.759
0.759
0.759
0.759
0.759
0.759
0.759
0.759
0.759
0.759
0.759
0.714
0.706
0.706
0.706
0.698
0.690
0.690
0.698
0.690
0.698
0.698
0.690
0.690
0.690
0.698
0.698
0.706
0.714
0.714
0.714
0.714
0.714
0.706
0.723
0.706
0.714
0.706
0.714
0.698
0.706
0.706
0.714
0.706
0.706
0.714
0.723
0.714
0.714
0.714
0.714
0.723
0.723
0.714
0.706
0.706
0.706
0.706
0.706
0.706
0.706
0.698
0.682
0.690
0.690
0.682
0.674
0.522
0.526
0.526
0.536
0.541
0.545
0.550
0.556
0.566
0.571
0.577
0.577
0.594
