1.071
1.071
1.071
1.071
1.071
1.071
1.071
1.071
1.071
1.071
1.017
1.034
1.034
1.053
1.053
1.091
1.091
1.111
1.111
1.111
1.111
1.111
1.111
1.132
1.017
1.017
1.017
1.017
1.017
1.000
1.000
1.017
1.017
1.034
1.034
1.111
1.111
1.132
1.132
1.224
1.224
1.250
1.250
1.053
1.053
1.071
1.071
1.071
1.071
1.091
1.091
1.053
1.053
1.053
1.053
1.053
0.938
0.952
0.938
0.938
0.938
0.952
0.938
0.952
0.952
0.952
0.952
0.923
0.923
0.909
0.923
0.909
0.909
0.833
0.845
0.845
0.845
0.857
0.857
0.896
0.909
0.909
0.909
0.909
0.833
0.833
0.833
0.833
0.833
0.833
0.833
0.833
0.857
0.857
0.870
0.882
0.882
0.952
0.968
0.968
0.968
0.984
0.984
0.968
0.984
0.984
1.000
1.000
1.000
1.000
1.000
1.000
1.000
1.000
0.984
1.000
0.984
1.000
1.000
1.000
0.984
0.968
0.968
0.968
0.968
0.984
0.984
1.000
1.000
1.017
1.000
1.017
