0.706
0.706
0.706
0.706
0.706
0.706
0.706
0.706
0.706
0.706
0.706
0.706
0.822
0.822
0.833
0.833
0.833
0.789
0.769
0.857
0.741
0.741
0.723
0.706
0.714
0.714
0.723
0.769
0.800
0.833
0.845
0.822
0.833
0.822
0.789
0.857
0.857
0.857
0.857
0.789
0.789
0.789
0.750
0.714
0.706
0.698
0.714
0.732
0.741
0.750
0.750
0.723
0.723
0.732
0.732
0.750
0.759
0.759
0.759
0.759
0.769
0.769
0.779
0.779
0.779
0.800
0.822
0.811
0.800
0.789
0.769
0.769
0.769
0.779
0.789
0.800
0.811
0.870
0.870
0.857
0.822
0.800
0.779
0.779
0.779
0.769
0.779
0.789
0.789
0.800
0.800
0.800
0.789
0.638
0.659
0.667
0.674
0.698
0.706
0.714
0.706
0.714
0.652
0.706
0.706
0.723
0.723
0.759
0.789
0.723
0.723
0.723
0.723
0.723
0.723
0.789
0.789
0.811
0.811
0.800
0.811
0.800
0.789
0.698
0.706
0.714
0.723
0.789
0.789
0.800
0.833
0.833
