0.833
0.833
0.833
0.833
0.833
0.833
0.833
0.833
0.833
0.833
0.833
0.833
0.833
0.833
0.833
0.833
0.833
0.833
0.833
0.833
0.833
0.833
0.833
0.833
0.833
0.833
0.833
0.833
0.833
0.833
0.896
0.923
0.923
0.923
0.923
0.938
0.938
0.952
0.952
0.938
0.923
0.923
0.833
0.833
0.845
0.845
0.845
0.845
0.833
0.833
0.833
0.845
0.845
0.845
0.845
0.845
0.896
0.909
0.909
0.909
0.909
0.870
0.882
0.870
0.870
0.882
0.870
0.882
0.882
0.870
0.870
0.857
0.857
0.857
0.857
0.870
0.870
0.870
0.923
0.923
0.923
0.923
0.923
0.870
0.870
0.882
0.870
0.870
0.870
0.857
0.857
0.857
0.833
0.833
0.833
0.833
0.845
0.833
0.833
0.833
0.833
0.833
0.833
0.833
0.833
0.845
0.857
0.845
0.857
0.857
0.845
0.845
0.845
0.800
0.800
0.800
0.800
0.800
0.789
0.800
0.789
0.789
0.789
0.789
0.789
0.789
0.789
0.789
0.789
0.789
0.833
0.845
