0.723
0.723
0.723
0.723
0.723
0.723
0.723
0.723
0.723
0.750
0.800
0.800
0.800
0.811
0.800
0.779
0.769
0.759
0.759
0.759
0.769
0.779
0.779
0.779
0.769
0.769
0.769
0.769
0.769
0.706
0.706
0.714
0.723
0.769
0.769
0.769
0.769
0.779
0.779
0.779
0.800
0.811
0.811
0.811
0.811
0.800
0.800
0.800
0.789
0.811
0.800
0.800
0.811
0.811
0.811
0.800
0.800
0.811
0.811
0.811
0.811
0.833
0.845
0.845
0.845
0.845
0.833
0.833
0.800
0.800
0.800
0.800
0.800
0.811
0.811
0.811
0.811
0.811
0.750
0.750
0.750
0.750
0.750
0.800
0.811
0.822
0.822
0.822
0.822
0.800
0.800
0.800
0.800
0.800
0.811
0.822
0.833
0.833
0.833
0.833
0.833
0.833
0.833
0.833
0.822
0.822
0.822
0.822
0.833
0.833
0.800
0.811
0.811
0.822
0.822
0.833
0.833
0.833
0.822
0.811
0.822
0.822
0.822
0.822
0.822
0.822
0.822
0.750
0.750
0.750
0.750
0.732
