0.750
0.750
0.750
0.750
0.750
0.750
0.750
0.750
0.750
0.750
0.750
0.750
0.750
0.750
0.750
0.750
0.750
0.750
0.750
0.750
0.750
0.750
0.750
0.750
0.750
0.500
0.500
0.504
0.508
0.517
0.526
0.531
0.550
0.536
0.550
0.556
0.561
0.561
0.571
0.566
0.566
0.566
0.566
0.571
0.571
0.577
0.577
0.577
0.577
0.577
0.571
0.577
0.583
0.588
0.588
0.594
0.594
0.600
0.606
0.612
0.619
0.625
0.632
0.625
0.619
0.619
0.612
0.556
0.556
0.556
0.556
0.566
0.566
0.600
0.571
0.571
0.577
0.571
0.577
0.619
0.571
0.571
0.571
0.571
0.571
0.571
0.571
0.566
0.577
0.571
0.566
0.561
0.561
0.566
0.566
0.577
0.594
0.594
0.606
0.571
0.571
0.577
0.571
0.571
0.571
0.577
0.577
0.577
0.577
0.577
0.577
0.571
0.583
0.588
0.588
0.594
0.600
0.594
0.594
0.583
0.588
0.588
0.619
0.619
0.625
0.625
0.625
0.625
0.632
0.632
0.632
