1.034
1.034
1.034
1.034
1.034
1.034
1.034
1.034
1.017
0.896
0.909
0.909
0.909
0.909
0.896
0.896
0.909
0.952
0.968
0.952
0.952
0.968
0.968
0.968
0.984
0.984
0.984
0.952
1.000
1.017
1.017
1.034
0.952
0.952
0.952
0.968
0.968
0.968
1.034
1.034
1.034
1.053
1.053
1.053
1.053
1.053
1.071
1.071
1.053
1.034
1.053
1.034
1.034
1.034
1.034
1.053
1.071
1.071
1.053
1.091
1.111
1.111
1.091
1.091
1.091
1.091
1.053
1.053
1.053
1.053
1.053
1.034
1.034
1.017
0.968
0.968
0.952
0.968
0.952
0.968
0.968
0.952
0.968
0.952
0.952
1.071
1.091
1.091
1.034
1.034
1.017
1.071
1.053
1.034
1.034
1.034
1.034
0.952
0.968
0.984
0.984
0.984
0.984
1.053
1.053
1.071
1.053
1.053
1.053
1.053
1.053
1.034
1.034
1.034
1.034
1.034
1.053
1.053
1.071
1.071
1.071
1.071
1.071
1.071
1.091
1.071
1.053
1.053
1.053
1.053
1.053
1.053
