0.577
0.577
0.577
0.577
0.577
0.577
0.577
0.577
0.577
0.577
0.577
0.577
0.577
0.577
0.577
0.577
0.577
0.577
0.577
0.577
0.577
0.638
0.674
0.714
0.759
0.811
0.870
0.923
0.909
0.896
0.896
0.882
0.882
0.882
0.882
0.882
0.882
0.882
0.882
0.882
0.870
0.882
0.882
0.882
0.896
0.909
0.909
0.909
0.896
0.896
0.896
0.896
0.882
0.870
0.882
0.870
0.857
0.870
0.845
0.833
0.833
0.833
0.822
0.822
0.822
0.822
0.822
0.822
0.811
0.822
0.811
0.800
0.800
0.789
0.789
0.779
0.769
0.769
0.769
0.769
0.779
0.779
0.789
0.789
0.789
0.789
0.779
0.769
0.769
0.779
0.779
0.779
0.779
0.769
0.759
0.759
0.759
0.759
0.759
0.750
0.750
0.750
0.750
0.750
0.789
0.789
0.789
0.779
0.779
0.779
0.779
0.779
0.779
0.779
0.789
0.789
0.800
0.800
0.800
0.800
0.800
0.811
0.811
0.822
0.811
0.822
0.822
0.833
0.833
0.833
0.833
0.833
