0.606
0.606
0.606
0.606
0.606
0.606
0.606
0.606
0.606
0.606
0.606
0.606
0.606
0.606
0.606
0.606
0.606
0.870
0.870
0.870
0.870
0.857
0.845
0.833
0.845
0.769
0.779
0.769
0.769
0.769
0.583
0.583
0.583
0.583
0.588
0.571
0.583
0.588
0.571
0.571
0.571
0.577
0.577
0.577
0.577
0.577
0.577
0.583
0.588
0.594
0.606
0.612
0.619
0.619
0.612
0.612
0.619
0.833
0.845
0.845
0.845
0.833
0.833
0.833
0.845
0.845
0.845
0.833
0.845
0.845
0.845
0.769
0.769
0.779
0.779
0.779
0.571
0.577
0.577
0.583
0.583
0.594
0.594
0.600
0.600
0.612
0.600
0.600
0.606
0.606
0.606
0.600
0.600
0.594
0.600
0.619
0.619
0.619
0.619
0.571
0.583
0.583
0.571
0.571
0.571
0.571
0.577
0.583
0.583
0.588
0.588
0.588
0.600
0.600
0.606
0.612
0.612
0.619
0.625
0.625
0.625
0.632
0.638
0.652
0.652
0.667
0.667
0.674
0.667
0.667
0.667
0.667
