0.769
0.769
0.769
0.769
0.769
0.769
0.769
0.769
0.800
0.800
0.811
0.800
0.800
0.800
0.800
0.800
0.800
0.789
0.789
0.789
0.789
0.789
0.789
0.789
0.769
0.769
0.769
0.769
0.769
0.750
0.759
0.759
0.759
0.759
0.750
0.750
0.750
0.759
0.759
0.759
0.759
0.759
0.750
0.750
0.750
0.759
0.750
0.750
0.750
0.759
0.759
0.769
0.769
0.769
0.769
0.769
0.779
0.779
0.779
0.769
0.779
0.779
0.779
0.789
0.789
0.769
0.769
0.779
0.779
0.779
0.769
0.769
0.769
0.769
0.769
0.769
0.769
0.769
0.769
0.769
0.769
0.769
0.769
0.789
0.789
0.789
0.779
0.789
0.750
0.750
0.750
0.750
0.750
0.750
0.750
0.750
0.750
0.759
0.759
0.750
0.750
0.750
0.750
0.750
0.750
0.750
0.750
0.741
0.741
0.741
0.741
0.741
0.741
0.741
0.750
0.741
0.750
0.750
0.759
0.759
0.759
0.750
0.750
0.750
0.750
0.750
0.759
0.750
0.759
0.759
0.759
0.750
