0.857
0.857
0.857
0.857
0.857
0.857
0.857
0.857
0.857
0.857
0.857
0.857
0.857
0.857
0.857
0.857
0.857
0.857
0.857
0.857
0.800
0.706
0.667
0.706
0.706
0.741
0.759
0.750
0.732
0.723
0.690
0.682
0.682
0.674
0.667
0.667
0.667
0.667
0.659
0.659
0.652
0.645
0.645
0.645
0.645
0.645
0.638
0.632
0.625
0.625
0.625
0.625
0.619
0.612
0.600
0.594
0.594
0.600
0.606
0.600
0.606
0.600
0.600
0.600
0.600
0.600
0.594
0.588
0.588
0.583
0.583
0.594
0.600
0.594
0.588
0.583
0.571
0.571
0.566
0.561
0.566
0.566
0.566
0.566
0.566
0.566
0.561
0.556
0.550
0.556
0.556
0.561
0.561
0.566
0.566
0.566
0.566
0.566
0.566
0.571
0.571
0.571
0.571
0.571
0.571
0.571
0.566
0.566
0.566
0.566
0.566
0.561
0.561
0.556
0.556
0.561
0.561
0.561
0.561
0.561
0.561
0.561
0.556
0.561
0.561
0.561
0.561
0.561
0.556
0.556
0.556
0.556
