0.536
0.536
0.536
0.536
0.536
0.536
0.536
0.536
0.536
0.536
0.536
0.536
0.536
0.536
0.536
0.536
0.536
0.536
0.536
0.536
0.536
0.536
0.536
0.536
0.536
0.536
0.536
0.536
0.536
0.536
0.561
0.588
0.652
0.690
0.732
0.822
0.822
0.822
0.833
0.833
0.822
0.833
0.845
0.833
0.822
0.822
0.822
0.811
0.822
0.822
0.811
0.811
0.800
0.800
0.800
0.789
0.779
0.759
0.759
0.759
0.822
0.822
0.822
0.822
0.822
0.822
0.822
0.822
0.822
0.822
0.789
0.789
0.789
0.779
0.779
0.769
0.759
0.759
0.759
0.759
0.789
0.789
0.789
0.789
0.789
0.789
0.789
0.789
0.789
0.789
0.789
0.789
0.789
0.789
0.789
0.789
0.789
0.789
0.789
0.789
0.789
0.789
0.789
0.789
0.789
0.789
0.789
0.789
0.789
0.789
0.789
0.822
0.822
0.822
0.822
0.822
0.822
0.822
0.822
0.822
0.822
0.870
0.857
0.845
0.833
0.833
0.833
0.833
0.822
0.811
0.811
0.811
