0.789
0.789
0.789
0.789
0.789
0.789
0.789
0.789
0.789
0.789
0.800
0.800
0.811
0.822
0.833
0.833
0.845
0.833
0.833
0.833
0.845
0.857
0.857
0.857
0.845
0.845
0.833
0.833
0.845
0.857
0.857
0.857
0.857
0.857
0.857
0.857
0.857
0.857
0.857
0.857
0.857
0.800
0.800
0.800
0.789
0.789
0.800
0.800
0.800
0.800
0.800
0.811
0.811
0.822
0.822
0.822
0.822
0.811
0.811
0.811
0.800
0.800
0.811
0.811
0.811
0.800
0.800
0.789
0.789
0.769
0.769
0.769
0.769
0.769
0.750
0.750
0.759
0.750
0.759
0.750
0.750
0.750
0.759
0.789
0.789
0.800
0.822
0.789
0.800
0.800
0.800
0.811
0.811
0.833
0.833
0.833
0.833
0.822
0.811
0.789
0.779
0.857
0.857
0.857
0.833
0.769
0.769
0.769
0.769
0.759
0.789
0.800
0.800
0.800
0.800
0.769
0.779
0.779
0.779
0.779
0.750
0.759
0.759
0.769
0.769
0.769
0.822
0.822
0.822
0.811
0.811
0.723
