0.750
0.750
0.750
0.750
0.750
0.750
0.750
0.750
0.750
0.750
0.750
0.750
0.750
0.750
0.750
0.750
0.750
0.750
0.750
0.750
0.750
0.750
0.750
0.750
0.750
0.750
0.750
0.759
0.769
0.759
0.759
0.759
0.759
0.750
0.759
0.759
0.750
0.750
0.750
0.750
0.750
0.750
0.741
0.741
0.741
0.741
0.750
0.741
0.750
0.769
0.769
0.769
0.779
0.769
0.769
0.769
0.769
0.769
0.759
0.759
0.759
0.769
0.769
0.759
0.750
0.759
0.759
0.759
0.750
0.759
0.750
0.759
0.750
0.750
0.750
0.741
0.732
0.732
0.732
0.732
0.732
0.732
0.732
0.732
0.732
0.750
0.750
0.759
0.759
0.750
0.741
0.741
0.741
0.750
0.750
0.750
0.750
0.741
0.652
0.659
0.652
0.667
0.682
0.690
0.667
0.652
0.652
0.652
0.652
0.652
0.652
0.652
0.652
0.645
0.645
0.619
0.625
0.625
0.625
0.625
0.625
0.625
0.625
0.625
0.625
0.632
0.632
0.638
0.652
0.652
0.659
0.659
