0.857
0.857
0.857
0.857
0.857
0.857
0.857
0.857
0.857
0.857
0.857
0.857
0.857
0.857
0.857
0.857
0.857
0.857
0.857
0.857
0.857
0.857
0.857
0.857
0.857
0.857
0.857
0.857
0.857
0.857
0.857
0.870
0.870
0.870
0.870
0.870
0.882
0.882
0.882
0.882
0.882
0.882
0.882
0.882
0.882
0.882
0.882
0.882
0.882
0.882
0.882
0.882
0.882
0.882
0.882
0.882
0.882
0.882
0.882
0.882
0.882
0.882
0.882
0.882
0.882
0.882
0.882
0.882
0.882
0.882
0.882
0.882
0.882
0.822
0.769
0.857
0.857
0.857
0.750
0.750
0.750
0.750
0.750
0.750
0.750
0.750
0.750
0.750
0.750
0.750
0.750
0.750
0.750
0.750
0.750
0.750
0.750
0.750
0.750
0.750
0.750
0.750
0.750
0.750
0.750
0.750
0.750
0.750
0.750
0.750
0.667
0.667
0.645
0.645
0.645
0.645
0.645
0.645
0.645
0.645
0.645
0.645
0.645
0.652
0.652
0.659
0.659
0.659
0.652
0.652
0.652
0.652
