0.952
0.952
0.952
0.952
0.952
0.952
0.952
0.952
0.952
0.952
0.952
0.952
0.952
0.952
0.952
0.952
0.952
0.952
0.952
0.952
0.952
0.952
0.952
0.952
0.952
0.952
0.952
0.952
0.952
0.952
0.952
0.952
0.952
0.952
0.952
0.952
0.952
0.952
0.952
0.952
0.952
0.952
0.952
0.952
0.952
0.952
0.952
0.952
0.952
0.952
0.952
0.952
0.952
0.952
0.952
0.952
0.952
0.952
0.952
0.952
0.952
0.952
0.952
0.952
0.952
0.952
0.952
0.952
0.952
0.952
0.952
0.882
0.822
0.723
0.659
0.659
0.652
0.652
0.652
0.652
0.652
0.652
0.652
0.659
0.659
0.674
0.674
0.667
0.667
0.667
0.667
0.667
0.674
0.674
0.667
0.667
0.674
0.674
0.682
0.682
0.682
0.682
0.682
0.682
0.682
0.682
0.682
0.682
0.682
0.682
0.682
0.682
0.682
0.682
0.682
0.682
0.682
0.682
0.682
0.682
0.682
0.682
0.682
0.682
0.682
0.682
0.682
0.682
0.682
0.682
0.682
