0.833
0.833
0.833
0.833
0.833
0.833
0.833
0.833
0.833
0.833
0.833
0.833
0.833
0.833
0.769
0.779
0.779
0.779
0.779
0.789
0.822
0.833
0.833
0.833
0.845
0.789
0.800
0.857
0.870
0.870
0.857
0.857
0.870
0.870
0.857
0.845
0.845
0.800
0.800
0.811
0.811
0.811
0.800
0.800
0.800
0.800
0.800
0.800
0.800
0.800
0.811
0.800
0.800
0.789
0.800
0.800
0.800
0.811
0.811
0.811
0.800
0.800
0.800
0.800
0.800
0.822
0.822
0.822
0.822
0.822
0.833
0.833
0.845
0.845
0.857
0.857
0.882
0.896
0.896
0.896
0.896
0.896
0.800
0.800
0.800
0.800
0.857
0.833
0.833
0.833
0.822
0.822
0.822
0.811
0.811
0.800
0.769
0.769
0.779
0.789
0.800
0.811
0.811
0.811
0.800
0.800
0.811
0.811
0.811
0.800
0.811
0.811
0.822
0.882
0.896
0.909
0.896
0.909
0.896
0.896
0.896
0.870
0.882
0.870
0.870
0.870
0.857
0.870
0.870
0.822
0.833
