0.769
0.769
0.769
0.769
0.769
0.769
0.769
0.769
0.769
0.769
0.769
0.769
0.769
0.769
0.769
0.769
0.769
0.769
0.769
0.769
0.571
0.566
0.566
0.566
0.571
0.571
0.583
0.583
0.588
0.588
0.577
0.577
0.577
0.588
0.583
0.577
0.583
0.583
0.588
0.588
0.594
0.594
0.594
0.625
0.625
0.625
0.619
0.612
0.606
0.606
0.600
0.606
0.612
0.612
0.612
0.612
0.612
0.612
0.612
0.612
0.612
0.612
0.612
0.612
0.612
0.612
0.612
0.612
0.612
0.645
0.682
0.769
0.833
0.833
0.822
0.822
0.822
0.833
0.833
0.833
0.833
0.833
0.811
0.800
0.800
0.811
0.800
0.800
0.800
0.800
0.800
0.789
0.789
0.800
0.789
0.789
0.789
0.800
0.800
0.800
0.800
0.800
0.811
0.811
0.811
0.822
0.833
0.833
0.833
0.833
0.845
0.845
0.845
0.769
0.769
0.779
0.779
0.779
0.789
0.789
0.800
0.811
0.800
0.789
0.789
0.789
0.789
0.789
0.779
0.800
0.800
