0.583
0.583
0.583
0.583
0.583
0.583
0.583
0.583
0.583
0.583
0.583
0.583
0.583
0.556
0.550
0.556
0.550
0.545
0.550
0.550
0.566
0.588
0.571
0.583
0.577
0.583
0.577
0.583
0.583
0.583
0.583
0.577
0.545
0.536
0.526
0.526
0.522
0.541
0.571
0.571
0.536
0.536
0.536
0.541
0.545
0.550
0.556
0.550
0.556
0.556
0.556
0.556
0.556
0.556
0.556
0.550
0.550
0.545
0.541
0.541
0.536
0.536
0.541
0.541
0.545
0.545
0.550
0.556
0.561
0.561
0.561
0.556
0.550
0.561
0.566
0.577
0.550
0.571
0.571
0.577
0.571
0.571
0.566
0.571
0.571
0.571
0.566
0.561
0.561
0.536
0.536
0.536
0.536
0.541
0.583
0.594
0.594
0.571
0.588
0.594
0.571
0.571
0.571
0.571
0.619
0.571
0.577
0.577
0.583
0.594
0.594
0.594
0.594
0.594
0.600
0.600
0.600
0.600
0.612
0.612
0.619
0.612
0.606
0.606
0.612
0.612
0.612
0.632
0.625
0.625
0.625
