0.674
0.674
0.674
0.674
0.674
0.674
0.674
0.674
0.674
0.674
0.674
0.674
0.674
0.674
0.674
0.674
0.674
0.674
0.674
0.674
0.674
0.674
0.674
0.674
0.674
0.674
0.674
0.674
0.674
0.674
0.674
0.674
0.674
0.674
0.674
0.674
0.674
0.723
0.723
0.723
0.723
0.723
0.759
0.759
0.759
0.759
0.759
0.769
0.769
0.769
0.769
0.759
0.759
0.750
0.759
0.759
0.759
0.750
0.750
0.750
0.750
0.741
0.741
0.741
0.741
0.741
0.750
0.750
0.759
0.759
0.759
0.759
0.759
0.759
0.750
0.750
0.750
0.750
0.750
0.750
0.750
0.750
0.750
0.750
0.750
0.750
0.750
0.750
0.759
0.759
0.759
0.714
0.759
0.769
0.769
0.698
0.698
0.698
0.698
0.698
0.690
0.690
0.690
0.690
0.690
0.690
0.690
0.698
0.698
0.698
0.698
0.698
0.698
0.698
0.698
0.698
0.698
0.690
0.690
0.690
0.698
0.698
0.698
0.698
0.698
0.698
0.698
0.706
0.706
0.706
0.723
