0.822
0.822
0.822
0.822
0.822
0.822
0.833
0.833
0.833
0.833
0.833
0.833
0.833
0.833
0.833
0.833
0.833
0.833
0.833
0.833
0.833
0.833
0.833
0.833
0.833
0.833
0.833
0.833
0.833
0.833
0.833
0.833
0.833
0.822
0.811
0.822
0.811
0.811
0.822
0.750
0.750
0.750
0.750
0.741
0.741
0.741
0.741
0.732
0.723
0.723
0.723
0.723
0.723
0.723
0.723
0.714
0.723
0.723
0.723
0.723
0.723
0.723
0.531
0.531
0.531
0.531
0.522
0.517
0.536
0.541
0.536
0.541
0.541
0.541
0.545
0.504
0.508
0.561
0.556
0.550
0.545
0.545
0.550
0.571
0.577
0.571
0.571
0.571
0.577
0.566
0.571
0.619
0.619
0.612
0.561
0.571
0.571
0.577
0.571
0.571
0.571
0.571
0.571
0.577
0.577
0.571
0.583
0.577
0.571
0.588
0.594
0.588
0.583
0.571
0.571
0.566
0.566
0.566
0.571
0.571
0.577
0.577
0.583
0.588
0.594
0.600
0.600
0.606
0.612
0.612
0.606
0.606
0.606
