0.652
0.652
0.652
0.652
0.652
0.652
0.652
0.652
0.652
0.652
0.652
0.652
0.652
0.652
0.652
0.652
0.652
0.652
0.652
0.652
0.652
0.652
0.652
0.652
0.652
0.652
0.652
0.652
0.652
0.652
0.652
0.652
0.652
0.652
0.652
0.652
0.652
0.652
0.652
0.652
0.652
0.652
0.659
0.659
0.659
0.667
0.667
0.652
0.652
0.652
0.645
0.645
0.652
0.659
0.659
0.674
0.674
0.674
0.674
0.682
0.682
0.682
0.682
0.682
0.682
0.690
0.690
0.682
0.674
0.674
0.674
0.682
0.682
0.682
0.682
0.682
0.682
0.682
0.682
0.674
0.674
0.674
0.682
0.682
0.682
0.682
0.674
0.674
0.667
0.659
0.659
0.659
0.659
0.667
0.667
0.674
0.674
0.682
0.682
0.682
0.682
0.682
0.682
0.690
0.698
0.698
0.698
0.698
0.690
0.690
0.690
0.690
0.690
0.690
0.690
0.690
0.682
0.674
0.674
0.667
0.667
0.667
0.667
0.674
0.674
0.674
0.674
0.750
0.750
0.750
0.750
0.706
