0.619
0.619
0.619
0.619
0.619
0.619
0.619
0.619
0.619
0.857
0.857
0.870
0.870
0.833
0.870
0.870
0.870
0.870
0.870
0.870
1.000
1.034
0.968
0.984
0.984
0.984
0.968
0.789
0.789
0.789
0.779
0.789
0.789
0.811
0.789
0.800
0.789
0.789
0.800
0.800
0.789
0.857
0.870
0.857
0.822
0.822
0.811
0.811
0.811
0.759
0.769
0.779
0.789
0.833
0.857
0.857
0.857
0.822
0.789
0.789
0.800
0.800
0.811
0.811
0.811
0.811
0.811
0.800
0.800
0.800
0.800
0.811
0.800
0.811
0.811
0.811
0.811
0.811
0.822
0.833
0.822
0.822
0.822
0.800
0.800
0.811
0.822
0.833
0.789
0.800
0.800
0.800
0.833
0.845
0.833
0.833
0.833
0.857
0.800
0.800
0.789
0.800
0.811
0.811
0.811
0.822
0.833
0.845
0.845
0.845
0.822
0.833
0.833
0.833
0.833
0.833
0.822
0.833
0.833
0.833
0.833
0.845
0.845
0.845
0.857
0.857
0.833
0.845
0.845
0.845
0.857
0.845
