0.833
0.833
0.833
0.833
0.833
0.833
0.833
0.833
0.833
0.750
0.750
0.759
0.759
0.759
0.769
0.769
0.769
0.769
0.811
0.811
0.811
0.800
0.800
0.800
0.789
0.779
0.619
0.632
0.652
0.652
0.659
0.674
0.619
0.706
0.698
0.698
0.652
0.667
0.652
0.667
0.723
0.723
0.723
0.659
0.645
0.652
0.652
0.659
0.652
0.652
0.690
0.723
0.732
0.741
0.750
0.732
0.714
0.723
0.732
0.789
0.789
0.789
0.789
0.723
0.723
0.723
0.714
0.714
0.690
0.690
0.698
0.698
0.652
0.690
0.652
0.723
0.723
0.723
0.723
0.652
0.674
0.652
0.652
0.652
0.652
0.652
0.625
0.625
0.632
0.619
0.632
0.652
0.619
0.619
0.619
0.625
0.638
0.619
0.706
0.714
0.732
0.741
0.706
0.667
0.682
0.674
0.674
0.682
0.706
0.714
0.690
0.690
0.706
0.706
0.706
0.706
0.714
0.769
0.769
0.769
0.769
0.759
0.769
0.769
0.759
0.759
0.759
0.750
0.723
0.723
0.652
0.652
