0.857
0.857
0.857
0.857
0.857
0.857
0.857
0.857
0.857
0.857
0.857
0.857
0.857
0.857
0.857
0.857
0.857
0.857
0.857
0.857
0.857
0.857
0.870
0.870
0.870
0.870
0.870
0.882
0.882
0.870
0.857
0.857
0.857
0.857
0.857
0.845
0.833
0.833
0.822
0.822
0.822
0.822
0.822
0.822
0.822
0.822
0.833
0.833
0.833
0.833
0.845
0.845
0.845
0.857
0.845
0.857
0.857
0.870
0.882
0.882
0.896
0.896
0.923
0.923
0.938
0.938
0.938
0.938
0.938
0.952
0.968
0.968
0.952
0.938
0.923
0.909
0.909
0.896
0.896
0.896
0.882
0.882
0.870
0.870
0.882
0.882
0.882
0.896
0.882
0.882
0.870
0.870
0.882
0.882
0.896
0.870
0.870
0.870
0.857
0.857
0.857
0.857
0.857
0.870
0.870
0.845
0.833
0.822
0.822
0.822
0.561
0.566
0.566
0.561
0.556
0.550
0.556
0.561
0.561
0.556
0.550
0.550
0.550
0.536
0.545
0.541
0.541
0.541
0.541
0.541
0.541
0.541
