0.652
0.652
0.652
0.652
0.652
0.652
0.652
0.652
0.652
0.652
0.652
0.645
0.645
0.652
0.652
0.652
0.652
0.659
0.652
0.659
0.659
0.667
0.667
0.667
0.659
0.659
0.638
0.619
0.645
0.638
0.667
0.674
0.706
0.723
0.732
0.714
0.652
0.690
0.667
0.667
0.667
0.674
0.690
0.690
0.682
0.682
0.674
0.659
0.638
0.652
0.638
0.652
0.652
0.659
0.667
0.674
0.667
0.690
0.659
0.645
0.645
0.645
0.638
0.638
0.638
0.632
0.652
0.652
0.652
0.652
0.600
0.612
0.632
0.638
0.638
0.638
0.645
0.645
0.645
0.645
0.645
0.652
0.652
0.638
0.638
0.632
0.638
0.652
0.659
0.667
0.698
0.690
0.690
0.667
0.667
0.652
0.652
0.659
0.659
0.659
0.659
0.652
0.659
0.659
0.659
0.674
0.690
0.652
0.659
0.667
0.667
0.659
0.652
0.659
0.667
0.667
0.674
0.674
0.667
0.667
0.659
0.600
0.606
0.632
0.667
0.674
0.674
0.750
0.750
0.759
0.750
0.750
