0.550
0.550
0.550
0.550
0.550
0.550
0.550
0.583
0.594
0.588
0.600
0.612
0.612
0.612
0.571
0.571
0.571
0.619
0.619
0.619
0.571
0.577
0.571
0.577
0.577
0.583
0.588
0.583
0.583
0.583
0.588
0.588
0.600
0.600
0.600
0.606
0.600
0.600
0.612
0.612
0.625
0.632
0.632
0.632
0.638
0.645
0.645
0.645
0.638
0.566
0.583
0.577
0.577
0.577
0.588
0.594
0.600
0.594
0.594
0.600
0.606
0.619
0.619
0.632
0.625
0.625
0.625
0.625
0.625
0.625
0.600
0.612
0.625
0.625
0.619
0.625
0.619
0.619
0.619
0.619
0.625
0.625
0.625
0.632
0.632
0.638
0.652
0.659
0.659
0.659
0.667
0.674
0.674
0.682
0.682
0.690
0.690
0.690
0.690
0.690
0.698
0.706
0.706
0.714
0.714
0.714
0.714
0.714
0.714
0.706
0.714
0.714
0.706
0.698
0.690
0.583
0.583
0.583
0.583
0.588
0.594
0.588
0.571
0.588
0.594
0.612
0.625
0.638
0.645
0.638
0.645
0.625
