0.652
0.652
0.652
0.652
0.652
0.652
0.652
0.652
0.652
0.652
0.652
0.588
0.600
0.600
0.619
0.619
0.619
0.638
0.638
0.638
0.638
0.632
0.583
0.577
0.566
0.566
0.619
0.619
0.619
0.625
0.706
0.690
0.682
0.682
0.600
0.606
0.594
0.583
0.583
0.583
0.619
0.619
0.625
0.600
0.612
0.612
0.619
0.625
0.619
0.619
0.619
0.619
0.619
0.619
0.600
0.600
0.619
0.619
0.619
0.619
0.625
0.632
0.632
0.632
0.638
0.632
0.632
0.632
0.638
0.638
0.619
0.632
0.632
0.625
0.625
0.625
0.625
0.645
0.645
0.645
0.638
0.632
0.619
0.600
0.612
0.612
0.612
0.619
0.619
0.625
0.638
0.652
0.652
0.667
0.652
0.659
0.645
0.619
0.632
0.652
0.652
0.659
0.659
0.652
0.659
0.659
0.652
0.652
0.652
0.645
0.645
0.645
0.645
0.652
0.652
0.652
0.652
0.645
0.645
0.625
0.632
0.632
0.638
0.632
0.638
0.638
0.638
0.638
0.638
0.638
0.638
0.645
