0.938
0.938
0.938
0.938
0.938
0.938
0.938
0.800
0.811
0.811
0.822
0.822
0.822
0.811
0.938
0.938
0.938
0.938
0.938
0.938
0.909
0.909
0.896
0.909
0.909
0.909
0.909
0.923
0.923
0.938
0.938
0.938
0.952
0.952
0.923
0.938
0.938
0.938
0.938
0.938
0.938
0.938
0.938
0.938
0.938
0.938
0.923
0.923
0.938
0.938
0.952
0.952
0.952
0.968
0.984
1.000
0.984
0.984
0.984
0.968
0.952
0.968
0.968
0.968
0.968
0.952
0.952
0.968
0.984
0.968
0.968
0.968
0.984
1.000
0.968
0.952
0.968
0.984
0.968
0.968
0.968
0.984
0.984
0.984
0.984
0.984
0.968
0.968
0.952
0.952
0.968
0.984
0.968
0.968
0.968
0.968
0.968
0.952
0.952
0.952
0.952
0.952
0.952
0.968
0.952
0.952
0.968
0.984
0.952
0.952
0.968
0.968
0.984
0.984
0.984
0.984
0.984
0.938
0.938
0.923
0.923
0.952
0.857
0.952
0.952
0.938
0.800
0.811
0.811
0.857
0.789
