0.698
0.698
0.698
0.698
0.698
0.698
0.698
0.698
0.750
0.750
0.750
0.750
0.750
0.750
0.741
0.741
0.741
0.741
0.732
0.723
0.659
0.723
0.723
0.723
0.723
0.723
0.723
0.723
0.723
0.714
0.714
0.714
0.714
0.714
0.714
0.706
0.706
0.706
0.706
0.706
0.723
0.723
0.732
0.652
0.723
0.723
0.723
0.723
0.723
0.706
0.706
0.706
0.706
0.706
0.723
0.723
0.723
0.723
0.723
0.723
0.723
0.732
0.723
0.706
0.723
0.723
0.723
0.723
0.723
0.714
0.706
0.706
0.706
0.698
0.723
0.723
0.723
0.723
0.723
0.723
0.714
0.714
0.714
0.714
0.750
0.750
0.759
0.759
0.759
0.750
0.750
0.750
0.750
0.750
0.750
0.769
0.779
0.779
0.779
0.779
0.741
0.732
0.732
0.723
0.789
0.759
0.723
0.723
0.723
0.723
0.723
0.723
0.723
0.723
0.723
0.723
0.723
0.714
0.714
0.714
0.714
0.714
0.714
0.741
0.741
0.750
0.723
0.732
0.714
0.714
0.723
0.789
