0.857
0.857
0.857
0.857
0.857
0.857
0.857
0.857
0.857
0.857
0.857
0.857
0.857
0.857
0.857
0.857
0.857
0.857
0.857
0.857
0.857
0.857
0.857
0.857
0.857
0.857
0.857
0.857
0.857
0.857
0.833
0.833
0.822
0.822
0.800
0.800
0.811
0.811
0.800
0.811
0.822
0.833
0.833
0.833
0.833
0.845
0.845
0.845
0.857
0.857
0.857
0.857
0.870
0.857
0.857
0.857
0.857
0.870
0.857
0.857
0.857
0.857
0.845
0.845
0.845
0.845
0.845
0.833
0.833
0.833
0.833
0.833
0.833
0.833
0.833
0.833
0.845
0.857
0.857
0.857
0.857
0.857
0.857
0.857
0.857
0.857
0.857
0.845
0.833
0.845
0.833
0.845
0.845
0.857
0.870
0.870
0.870
0.870
0.857
0.857
0.857
0.845
0.845
0.845
0.845
0.845
0.845
0.833
0.833
0.833
0.845
0.845
0.938
0.952
0.952
0.952
0.968
0.968
0.952
0.968
0.968
0.968
0.968
0.968
0.968
0.984
0.968
0.968
0.952
0.952
0.952
0.938
