0.577
0.577
0.577
0.577
0.577
0.577
0.577
0.577
0.577
0.577
0.577
0.706
0.674
0.667
0.667
0.667
0.667
0.682
0.690
0.690
0.698
0.690
0.698
0.698
0.698
0.698
0.698
0.690
0.682
0.682
0.682
0.652
0.652
0.652
0.652
0.659
0.667
0.667
0.674
0.674
0.682
0.682
0.682
0.674
0.659
0.652
0.659
0.652
0.645
0.652
0.659
0.667
0.667
0.652
0.652
0.652
0.659
0.667
0.690
0.690
0.723
0.723
0.723
0.723
0.714
0.714
0.714
0.714
0.714
0.706
0.706
0.706
0.698
0.698
0.690
0.690
0.690
0.667
0.682
0.682
0.682
0.690
0.698
0.690
0.690
0.690
0.690
0.690
0.690
0.698
0.698
0.706
0.706
0.714
0.769
0.769
0.769
0.769
0.759
0.759
0.750
0.750
0.750
0.750
0.750
0.706
0.706
0.714
0.714
0.714
0.723
0.750
0.750
0.741
0.741
0.732
0.690
0.690
0.690
0.690
0.690
0.659
0.659
0.667
0.659
0.659
0.674
0.674
0.682
0.682
0.690
0.698
