0.556
0.556
0.556
0.556
0.556
0.556
0.556
0.556
0.556
0.556
0.556
0.556
0.556
0.556
0.556
0.556
0.556
0.556
0.556
0.556
0.556
0.556
0.556
0.556
0.556
0.556
0.556
0.556
0.556
0.566
0.566
0.566
0.566
0.566
0.566
0.566
0.566
0.566
0.566
0.566
0.566
0.566
0.566
0.566
0.566
0.566
0.566
0.566
0.566
0.566
0.566
0.566
0.566
0.566
0.566
0.566
0.566
0.566
0.566
0.566
0.566
0.566
0.566
0.566
0.594
0.659
0.698
0.706
0.706
0.706
0.706
0.706
0.706
0.706
0.706
0.706
0.706
0.706
0.706
0.706
0.706
0.667
0.667
0.659
0.652
0.652
0.659
0.659
0.652
0.571
0.561
0.556
0.561
0.566
0.550
0.571
0.571
0.571
0.571
0.571
0.566
0.561
0.571
0.571
0.571
0.571
0.561
0.550
0.561
0.566
0.566
0.566
0.577
0.577
0.577
0.571
0.571
0.571
0.577
0.577
0.571
0.571
0.571
0.571
0.566
0.566
0.566
0.571
0.583
0.577
0.577
0.577
