0.750
0.750
0.750
0.750
0.750
0.750
0.750
0.750
0.750
0.750
0.750
0.750
0.750
0.750
0.750
0.750
0.750
0.750
0.750
0.750
0.750
0.750
0.750
0.750
0.750
0.750
0.750
0.750
0.750
0.750
0.750
0.750
0.750
0.750
0.750
0.750
0.750
0.750
0.750
0.706
0.690
0.714
0.714
0.698
0.698
0.698
0.698
0.698
0.698
0.698
0.682
0.682
0.682
0.682
0.682
0.674
0.674
0.674
0.674
0.682
0.682
0.682
0.682
0.682
0.682
0.682
0.682
0.682
0.682
0.682
0.682
0.674
0.674
0.674
0.674
0.674
0.667
0.674
0.674
0.674
0.674
0.674
0.674
0.674
0.674
0.674
0.674
0.674
0.674
0.674
0.674
0.674
0.674
0.674
0.674
0.674
0.674
0.674
0.674
0.674
0.674
0.674
0.674
0.674
0.674
0.674
0.674
0.674
0.674
0.674
0.714
0.833
0.833
0.833
0.833
0.833
0.833
0.833
0.833
0.833
0.833
0.833
0.833
0.833
0.833
0.833
0.833
0.833
0.833
0.833
0.833
0.833
