0.706
0.706
0.706
0.706
0.706
0.706
0.706
0.706
0.800
0.800
0.800
0.789
0.789
0.750
0.750
0.750
0.750
0.741
0.741
0.741
0.732
0.732
0.732
0.723
0.723
0.714
0.714
0.706
0.638
0.645
0.659
0.723
0.732
0.706
0.723
0.723
0.723
0.652
0.682
0.652
0.659
0.638
0.652
0.652
0.682
0.682
0.682
0.682
0.682
0.652
0.652
0.659
0.667
0.667
0.674
0.652
0.659
0.659
0.652
0.723
0.732
0.732
0.732
0.732
0.732
0.732
0.732
0.732
0.732
0.723
0.723
0.723
0.723
0.723
0.714
0.723
0.723
0.714
0.714
0.714
0.706
0.706
0.706
0.706
0.706
0.706
0.706
0.698
0.652
0.652
0.645
0.723
0.723
0.741
0.741
0.750
0.750
0.750
0.750
0.741
0.741
0.741
0.732
0.741
0.769
0.779
0.779
0.822
0.845
0.833
0.833
0.833
0.750
0.750
0.759
0.750
0.779
0.789
0.779
0.779
0.769
0.750
0.759
0.769
0.779
0.779
0.800
0.811
0.822
0.822
0.800
0.800
