0.652
0.652
0.652
0.652
0.652
0.652
0.652
0.652
0.652
0.652
0.577
0.594
0.606
0.619
0.619
0.632
0.638
0.619
0.612
0.619
0.619
0.619
0.619
0.619
0.619
0.619
0.619
0.594
0.594
0.600
0.571
0.577
0.577
0.583
0.588
0.588
0.594
0.600
0.600
0.600
0.606
0.619
0.619
0.619
0.632
0.638
0.645
0.645
0.645
0.645
0.566
0.566
0.566
0.571
0.571
0.571
0.571
0.577
0.577
0.577
0.583
0.583
0.583
0.588
0.583
0.577
0.541
0.550
0.550
0.606
0.588
0.600
0.583
0.566
0.571
0.550
0.536
0.550
0.550
0.571
0.577
0.577
0.612
0.606
0.600
0.600
0.606
0.606
0.612
0.612
0.612
0.612
0.588
0.600
0.600
0.594
0.600
0.606
0.606
0.606
0.606
0.600
0.594
0.594
0.588
0.588
0.588
0.588
0.583
0.577
0.571
0.561
0.561
0.556
0.556
0.556
0.556
0.566
0.577
0.583
0.638
0.645
0.659
0.659
0.652
0.619
0.619
0.652
0.659
0.652
0.652
0.652
