0.857
0.857
0.857
0.857
0.857
0.857
0.857
0.857
0.857
0.857
0.857
0.857
0.857
0.857
0.857
0.857
0.857
0.857
0.857
0.857
0.857
0.833
0.833
0.845
0.845
0.857
0.857
0.870
0.870
0.882
0.882
0.882
0.882
0.882
0.870
0.870
0.882
0.882
0.882
0.882
0.882
0.882
0.882
0.882
0.882
0.882
0.882
0.896
0.896
0.896
0.909
0.909
0.923
0.923
0.923
0.923
0.923
0.923
0.938
0.938
0.938
0.938
0.938
0.938
0.938
0.952
0.952
0.968
0.968
0.968
0.968
0.968
0.984
0.984
0.984
0.984
0.984
0.984
1.000
1.000
1.000
1.017
1.017
1.000
1.000
1.000
1.000
1.000
1.017
1.017
1.000
0.984
0.984
0.984
0.984
0.984
0.984
0.968
0.968
0.968
0.984
0.984
0.984
0.984
0.984
0.984
0.984
0.984
0.968
0.968
0.952
0.952
0.952
0.952
0.938
0.923
0.923
0.923
0.923
0.923
0.923
0.923
0.857
0.857
0.857
0.857
0.857
0.882
0.882
0.882
0.882
0.882
