0.857
0.870
0.882
0.896
0.896
0.896
0.870
0.870
0.870
0.870
0.870
0.896
0.896
0.896
0.882
0.896
0.896
0.896
0.896
0.896
0.896
0.909
0.923
0.923
0.923
0.938
0.984
1.000
1.000
0.984
0.984
0.968
0.968
0.968
0.984
0.984
0.984
0.984
0.968
0.968
0.968
0.984
0.984
0.984
0.968
0.968
0.968
0.968
0.968
0.968
0.984
0.968
0.968
0.984
0.984
0.984
0.984
0.968
0.984
0.984
0.984
1.000
1.000
1.000
1.000
1.000
1.000
1.000
1.000
1.017
1.034
1.034
1.017
1.034
1.034
1.034
1.034
1.017
1.000
1.000
0.984
0.984
0.984
0.984
1.000
0.984
0.984
1.000
0.984
0.984
1.000
1.000
1.017
1.017
1.017
1.034
1.034
1.034
1.034
1.034
1.034
1.034
1.034
1.034
1.034
0.896
0.909
0.909
0.909
0.909
0.822
0.833
0.833
0.833
0.833
0.845
0.833
0.845
0.845
0.857
0.857
0.845
0.857
0.857
0.857
0.857
0.822
0.822
0.822
0.833
0.833
0.833
