1.071
1.071
1.071
1.071
1.071
1.071
1.071
1.017
1.034
1.034
1.034
1.034
1.053
1.091
1.111
1.111
1.111
1.111
1.111
1.132
1.111
1.091
1.071
1.071
1.053
1.053
1.053
0.896
0.909
0.896
0.896
0.896
0.882
0.882
0.882
0.870
0.857
0.857
0.845
0.845
0.845
0.833
0.822
0.833
0.822
0.833
0.833
0.845
0.896
0.909
0.909
0.909
0.923
1.034
1.071
1.091
1.111
1.111
1.132
1.053
1.017
1.034
1.053
1.034
1.053
1.053
1.053
1.071
1.091
1.091
1.071
1.071
1.053
1.053
1.071
1.053
1.053
1.034
1.017
1.017
1.017
1.017
1.000
0.984
0.984
1.000
1.000
1.000
1.017
1.017
1.017
1.017
1.017
1.017
1.017
0.896
0.896
0.909
0.909
0.923
0.952
0.952
0.968
0.968
0.984
0.984
1.071
1.071
1.091
1.091
1.091
1.132
1.132
1.132
1.132
1.132
1.132
1.132
1.132
1.154
1.154
1.154
1.154
1.132
1.111
1.111
1.111
1.091
1.091
1.091
1.071
1.071
