0.750
0.750
0.750
0.750
0.750
0.750
0.750
0.750
0.750
0.750
0.750
0.750
0.750
0.750
0.750
0.750
0.750
0.750
0.750
0.750
0.750
0.750
0.750
0.750
0.750
0.750
0.750
0.759
0.759
0.759
0.800
0.811
0.800
0.800
0.800
0.800
0.800
0.800
0.800
0.800
0.800
0.789
0.789
0.789
0.779
0.779
0.769
0.769
0.769
0.769
0.723
0.723
0.723
0.732
0.652
0.652
0.659
0.652
0.652
0.652
0.652
0.645
0.652
0.652
0.652
0.652
0.652
0.652
0.652
0.645
0.652
0.652
0.667
0.659
0.667
0.674
0.667
0.667
0.667
0.682
0.682
0.690
0.750
0.750
0.759
0.759
0.769
0.759
0.619
0.619
0.625
0.625
0.652
0.652
0.588
0.619
0.619
0.619
0.619
0.619
0.619
0.619
0.612
0.612
0.571
0.571
0.566
0.566
0.571
0.571
0.571
0.561
0.556
0.556
0.556
0.550
0.556
0.561
0.561
0.566
0.561
0.556
0.556
0.556
0.556
0.556
0.556
0.550
0.550
0.531
0.531
0.500
