0.750
0.750
0.750
0.750
0.750
0.750
0.750
0.750
0.750
0.750
0.750
0.750
0.750
0.750
0.750
0.750
0.750
0.750
0.750
0.750
0.750
0.750
0.750
0.750
0.750
0.750
0.750
0.750
0.750
0.750
0.723
0.723
0.723
0.741
0.741
0.741
0.750
0.750
0.741
0.750
0.759
0.750
0.750
0.750
0.750
0.750
0.750
0.741
0.741
0.750
0.800
0.800
0.811
0.811
0.800
0.800
0.800
0.800
0.800
0.822
0.822
0.811
0.811
0.800
0.659
0.667
0.667
0.667
0.652
0.659
0.659
0.674
0.682
0.690
0.690
0.690
0.652
0.652
0.659
0.674
0.800
0.800
0.811
0.811
0.811
0.896
0.909
0.909
0.909
0.909
0.896
0.896
0.896
0.896
0.896
0.800
0.800
0.811
0.811
0.800
0.800
0.789
0.789
0.789
0.800
0.800
0.811
0.811
0.800
0.800
0.811
0.811
0.800
0.800
0.800
0.789
0.789
0.789
0.811
0.800
0.811
0.811
0.800
0.800
0.800
0.800
0.800
0.789
0.779
0.833
0.833
