0.789
0.789
0.789
0.789
0.789
0.789
0.789
0.789
0.789
0.789
0.789
0.769
0.769
0.779
0.779
0.779
0.789
0.769
0.769
0.779
0.779
0.769
0.769
0.769
0.759
0.750
0.750
0.750
0.750
0.769
0.769
0.769
0.759
0.759
0.759
0.759
0.769
0.779
0.779
0.779
0.779
0.769
0.750
0.750
0.750
0.750
0.750
0.750
0.769
0.779
0.789
0.789
0.779
0.779
0.769
0.769
0.769
0.769
0.769
0.769
0.750
0.750
0.750
0.706
0.706
0.714
0.723
0.723
0.723
0.732
0.723
0.723
0.723
0.732
0.732
0.732
0.732
0.723
0.638
0.638
0.645
0.645
0.645
0.645
0.645
0.638
0.645
0.652
0.652
0.667
0.667
0.667
0.674
0.667
0.667
0.667
0.659
0.667
0.682
0.750
0.759
0.769
0.769
0.789
0.779
0.769
0.769
0.769
0.769
0.769
0.769
0.779
0.769
0.779
0.769
0.769
0.769
0.769
0.769
0.769
0.769
0.779
0.779
0.779
0.779
0.789
0.779
0.779
0.779
0.750
0.750
0.759
