0.845
0.845
0.845
0.845
0.845
0.845
0.845
0.845
0.845
0.845
0.845
0.789
0.789
0.789
0.789
0.789
0.779
0.779
0.779
0.779
0.779
0.779
0.789
0.800
0.800
0.789
0.779
0.779
0.779
0.833
0.833
0.845
0.845
0.833
0.750
0.706
0.723
0.723
0.723
0.723
0.706
0.714
0.706
0.706
0.706
0.706
0.706
0.706
0.706
0.706
0.714
0.714
0.714
0.706
0.698
0.690
0.682
0.723
0.723
0.723
0.732
0.732
0.732
0.732
0.732
0.741
0.741
0.750
0.750
0.750
0.759
0.759
0.750
0.750
0.750
0.750
0.750
0.750
0.759
0.759
0.750
0.750
0.750
0.750
0.750
0.750
0.750
0.750
0.759
0.759
0.769
0.789
0.800
0.800
0.800
0.789
0.800
0.800
0.800
0.800
0.800
0.811
0.811
0.811
0.811
0.811
0.811
0.800
0.800
0.800
0.800
0.800
0.800
0.789
0.779
0.779
0.789
0.779
0.811
0.811
0.822
0.822
0.811
0.800
0.800
0.800
0.800
0.811
0.811
0.811
0.800
0.800
