0.857
0.857
0.857
0.857
0.857
0.857
0.857
0.857
0.857
0.857
0.857
0.857
0.857
0.857
0.857
0.857
0.857
0.857
0.857
0.857
0.857
0.857
0.857
0.857
0.857
0.857
0.857
0.857
0.857
0.857
0.800
0.750
0.682
0.682
0.682
0.682
0.682
0.682
0.674
0.674
0.674
0.667
0.659
0.659
0.659
0.659
0.667
0.667
0.667
0.674
0.682
0.682
0.674
0.674
0.674
0.674
0.674
0.667
0.667
0.667
0.667
0.667
0.667
0.667
0.667
0.667
0.667
0.667
0.667
0.667
0.667
0.667
0.667
0.667
0.667
0.667
0.667
0.667
0.667
0.667
0.667
0.667
0.667
0.667
0.667
0.667
0.667
0.667
0.667
0.667
0.667
0.667
0.667
0.667
0.667
0.667
0.667
0.667
0.667
0.667
0.667
0.667
0.667
0.667
0.667
0.667
0.667
0.667
0.667
0.667
0.667
0.667
0.667
0.667
0.667
0.667
0.667
0.667
0.667
0.667
0.667
0.667
0.667
0.667
0.667
0.667
0.667
0.667
0.667
0.667
0.667
0.667
