0.723
0.723
0.723
0.723
0.723
0.723
0.723
0.723
0.723
0.723
0.723
0.723
0.723
0.723
0.723
0.723
0.723
0.723
0.723
0.723
0.723
0.723
0.723
0.723
0.723
0.723
0.723
0.723
0.723
0.723
0.723
0.723
0.750
0.723
0.714
0.714
0.723
0.723
0.723
0.723
0.723
0.723
0.723
0.723
0.741
0.741
0.741
0.741
0.741
0.750
0.759
0.750
0.759
0.769
0.769
0.769
0.769
0.769
0.769
0.769
0.769
0.769
0.769
0.769
0.769
0.769
0.769
0.714
0.714
0.714
0.714
0.723
0.723
0.723
0.723
0.723
0.732
0.732
0.741
0.741
0.741
0.750
0.750
0.759
0.759
0.759
0.759
0.769
0.769
0.769
0.779
0.769
0.769
0.779
0.779
0.789
0.789
0.789
0.789
0.789
0.789
0.800
0.811
0.811
0.811
0.822
0.822
0.822
0.833
0.833
0.833
0.833
0.833
0.833
0.833
0.833
0.845
0.845
0.845
0.833
0.833
0.845
0.845
0.845
0.845
0.857
0.857
0.870
0.870
0.870
0.870
0.870
