0.723
0.723
0.723
0.723
0.723
0.723
0.723
0.723
0.723
0.723
0.723
0.723
0.769
0.769
0.789
0.723
0.723
0.723
0.741
0.732
0.741
0.750
0.723
0.732
0.723
0.732
0.732
0.732
0.732
0.750
0.750
0.750
0.750
0.750
0.750
0.714
0.723
0.723
0.723
0.723
0.723
0.723
0.723
0.723
0.723
0.714
0.667
0.652
0.652
0.667
0.667
0.674
0.652
0.659
0.652
0.659
0.667
0.667
0.674
0.682
0.690
0.690
0.759
0.759
0.759
0.750
0.750
0.750
0.750
0.750
0.750
0.750
0.750
0.750
0.750
0.750
0.750
0.741
0.741
0.732
0.732
0.732
0.723
0.723
0.723
0.723
0.723
0.723
0.652
0.723
0.723
0.723
0.723
0.732
0.759
0.759
0.759
0.759
0.750
0.741
0.741
0.741
0.741
0.750
0.759
0.723
0.723
0.723
0.723
0.714
0.714
0.714
0.714
0.706
0.769
0.789
0.779
0.779
0.769
0.769
0.769
0.769
0.769
0.769
0.769
0.759
0.750
0.714
0.714
0.714
0.723
0.723
