0.857
0.857
0.857
0.857
0.857
0.857
0.857
0.857
0.857
0.968
0.968
0.984
0.984
0.938
0.952
0.952
0.952
0.952
0.984
1.000
1.000
1.000
1.000
1.000
1.017
1.017
1.017
1.017
1.000
1.034
1.017
1.000
1.017
1.000
0.952
1.017
1.000
1.000
1.000
1.000
1.000
0.952
0.952
0.952
0.968
0.968
0.968
0.923
0.923
0.938
0.952
0.952
0.952
1.176
1.176
1.176
1.071
1.071
1.053
1.053
1.017
1.017
1.017
1.034
1.053
1.053
1.111
1.111
1.071
1.071
1.053
1.053
1.053
1.053
1.071
1.071
1.071
1.091
1.111
1.132
1.132
1.132
1.154
1.154
1.154
1.154
1.071
1.091
1.091
1.034
1.017
1.017
1.017
1.000
0.984
0.984
0.952
0.952
1.111
1.132
1.091
1.071
1.071
1.071
1.071
1.091
1.091
1.091
1.053
1.034
1.034
1.017
1.034
1.034
1.034
1.034
1.053
1.071
1.071
1.071
1.071
1.071
1.053
1.071
1.071
1.071
1.071
1.071
1.071
1.034
1.053
1.053
